image_width: 1280
image_height: 720
camera_name: narrow_stereo
camera_matrix:
  rows: 3
  cols: 3
  data: [919.62841,   0.     , 650.49677,
           0.     , 918.114  , 379.40409,
           0.     ,   0.     ,   1.     ]
distortion_model: plumb_bob
distortion_coefficients:
  rows: 1
  cols: 5
  data: [0.131678, -0.188127, 0.005428, -0.008839, 0.000000]
rectification_matrix:
  rows: 3
  cols: 3
  data: [1., 0., 0.,
         0., 1., 0.,
         0., 0., 1.]
projection_matrix:
  rows: 3
  cols: 4
  data: [938.37805,   0.     , 638.52205,   0.     ,
           0.     , 944.83051, 382.49014,   0.     ,
           0.     ,   0.     ,   1.     ,   0.     ]
